0.00000000000000e+00
1.00000000000000e+05
2.00000000000000e+02
8.57000000000000e+10
2.00000000000000e+01
2.00000000000000e+00
1
10
100
0.00000000000000e+00
0.00000000000000e+000
0.00000000000000e+000
0.00000000000000e+00
3.00000000000000e+05
1.00000000000000e+03
8.57000000000000e+10
2.00000000000000e+01
2.00000000000000e+00
1
10
1.00000000000000e-04
0.00000000000000e+00
1
0.00000000000000e+000
400
0.00000000000000e+00
0.00000000000000e+000
0.00000000000000e+000
5.00000000000000e+00
0.00000000000000e+00
2.00000000000000e-02
0.00000000000000e+00
